255 255 255 255 255 255 255 255 255 255 255 255 255 255 255 255
255 112  64  64  64 207 112 255 207 207 207  64  64  64 112 255
255  64 239 191 191 191  48  48  64 207 191 191 191 239  64 255
255  64 191   0 191 191 143 143 255 112 191 191   0 191  64 255
255  64 191 191 143 191 191 191  48  48 191 143 191 191  64 255
255 207 191 191 191 239 239 239 239 239 239 191 191 191 207 255
255 207 191 239  96  48  64 207 207  64  48  96  48 239 112 255
255 207  48  96 239 191  16  16 159 159  48 239 191 239 255 255
255  64 207  16 191 239  64 207 239 239   0  48  48 191 207 255
255  64 255 207 191 239 255 255 191 191  48 239 191  48  64 255
255 207 191 191 191 239 143 143 191 239 239 239  48 191  64 255
255  64 191 191 143 191 191  48  48 239 239 239  48 191 207 255
255  64 191   0 191 191   0  48  48 191  64  64  48 239 207 255
255  64 239 191 191 191   0 191 191 191  64  64  48  96 207 255
255 112  64  64  64 207 207 207 207  64 255 255 207  64 112 255
255 255 255 255 255 255 255 255 255 255 255 255 255 255 255 255
255 255 255 255 255 255 255 255 255 255 255 255 255 255 255 255
255 112  64  64  64 207 112 255 207 207 207  64  64  64 112 255
255  64 239 191 191 191  48  48  64 207 191 191 191 239  64 255
255  64 191   0 191 191 143 143 255 112 191 191   0 191  64 255
255  64 191 191 143 191 191 191  48  48 191 143 191 191  64 255
255 207 191 191 191 239 239 239 239 239 239 191 191 191 207 255
255 207 191 239  96  48  64 207 207  64  48  96  48 239 112 255
255 207  48  96 239 191  16  16 159 159  48 239 191 239 255 255
255  64 207  16 191 239  64 207 239 239   0  48  48 191 207 255
255  64 255 207 191 239 255 255 191 191  48 239 191  48  64 255
255 207 191 191 191 239 143 143 191 239 239 239  48 191  64 255
255  64 191 191 143 191 191  48  48 239 239 239  48 191 207 255
255  64 191   0 191 191   0  48  48 191  64  64  48 239 207 255
255  64 239 191 191 191   0 191 191 191  64  64  48  96 207 255
255 112  64  64  64 207 207 207 207  64 255 255 207  64 112 255
255 255 255 255 255 255 255 255 255 255 255 255 255 255 255 255
255 255 255 255 255 255 255 255 255 255 255 255 255 255 255 255
255 112  64  64  64 207 112 255 207 207 207  64  64  64 112 255
255  64 239 191 191 191  48  48  64 207 191 191 191 239  64 255
255  64 191   0 191 191 143 143 255 112 191 191   0 191  64 255
255  64 191 191 143 191 191 191  48  48 191 143 191 191  64 255
255 207 191 191 191 239 239 239 239 239 239 191 191 191 207 255
255 207 191 239  96  48  64 207 207  64  48  96  48 239 112 255
255 207  48  96 239 191  16  16 159 159  48 239 191 239 255 255
255  64 207  16 191 239  64 207 239 239   0  48  48 191 207 255
255  64 255 207 191 239 255 255 191 191  48 239 191  48  64 255
255 207 191 191 191 239 143 143 191 239 239 239  48 191  64 255
255  64 191 191 143 191 191  48  48 239 239 239  48 191 207 255
255  64 191   0 191 191   0  48  48 191  64  64  48 239 207 255
255  64 239 191 191 191   0 191 191 191  64  64  48  96 207 255
255 112  64  64  64 207 207 207 207  64 255 255 207  64 112 255
255 255 255 255 255 255 255 255 255 255 255 255 255 255 255 255

255 255 255 255 255 255 255 255 255 255 255 255 255 255 255 255
255 112  64  64  64 207 112 255 207  64  64 207 207 207 112 255
255  64 239 191 191 191 239 239 191  48 191 191 239  96  64 255
255  64 191   0 191 191  48 191  48 191  48  48  48  48 207 255
255  64 191 191 143 191  96 239  48 239 239 239  64  64 255 255
255 207 191 191 191 239  48  48   0  48 239 239  64  64 255 255
255 207 207 112  48 239  64 159 239 191 239 239 191 191  64 255
255 207  64 255  48 239 207 159 239 191 191  48  48 191 207 255
255 255  48 143 191 239 207  16 207 255 143  48  48 191 207 255
255 112  48 143 191 239  64  16  64 255 143 191   0   0 207 255
255 207 191 191 191 239  48 191 239 239 239 191 191 191 207 255
255  64 191 191 143 191  96 239 191 191 191 143 191 191  64 255
255  64 191   0 191 191 239  96  16 207 191 191   0 191  64 255
255  64 239 191 191 191 191  48 207 255 191 191 191 239  64 255
255 112  64  64  64 207 207 207  64  64 207  64  64  64 112 255
255 255 255 255 255 255 255 255 255 255 255 255 255 255 255 255
255 255 255 255 255 255 255 255 255 255 255 255 255 255 255 255
255 112  64  64  64 207 112 255 207  64  64 207 207 207 112 255
255  64 239 191 191 191 239 239 191  48 191 191 239  96  64 255
255  64 191   0 191 191  48 191  48 191  48  48  48  48 207 255
255  64 191 191 143 191  96 239  48 239 239 239  64  64 255 255
255 207 191 191 191 239  48  48   0  48 239 239  64  64 255 255
255 207 207 112  48 239  64 159 239 191 239 239 191 191  64 255
255 207  64 255  48 239 207 159 239 191 191  48  48 191 207 255
255 255  48 143 191 239 207  16 207 255 143  48  48 191 207 255
255 112  48 143 191 239  64  16  64 255 143 191   0   0 207 255
255 207 191 191 191 239  48 191 239 239 239 191 191 191 207 255
255  64 191 191 143 191  96 239 191 191 191 143 191 191  64 255
255  64 191   0 191 191 239  96  16 207 191 191   0 191  64 255
255  64 239 191 191 191 191  48 207 255 191 191 191 239  64 255
255 112  64  64  64 207 207 207  64  64 207  64  64  64 112 255
255 255 255 255 255 255 255 255 255 255 255 255 255 255 255 255
255 255 255 255 255 255 255 255 255 255 255 255 255 255 255 255
255 112  64  64  64 207 112 255 207  64  64 207 207 207 112 255
255  64 239 191 191 191 239 239 191  48 191 191 239  96  64 255
255  64 191   0 191 191  48 191  48 191  48  48  48  48 207 255
255  64 191 191 143 191  96 239  48 239 239 239  64  64 255 255
255 207 191 191 191 239  48  48   0  48 239 239  64  64 255 255
255 207 207 112  48 239  64 159 239 191 239 239 191 191  64 255
255 207  64 255  48 239 207 159 239 191 191  48  48 191 207 255
255 255  48 143 191 239 207  16 207 255 143  48  48 191 207 255
255 112  48 143 191 239  64  16  64 255 143 191   0   0 207 255
255 207 191 191 191 239  48 191 239 239 239 191 191 191 207 255
255  64 191 191 143 191  96 239 191 191 191 143 191 191  64 255
255  64 191   0 191 191 239  96  16 207 191 191   0 191  64 255
255  64 239 191 191 191 191  48 207 255 191 191 191 239  64 255
255 112  64  64  64 207 207 207  64  64 207  64  64  64 112 255
255 255 255 255 255 255 255 255 255 255 255 255 255 255 255 255

255 254 254 254 255 255 254 254 254 254 254 254 254 254 254 255
254 169 117 219 239 239 140 216 220 188 158 121 116 115 163 254
254 187 106  60  91  86 161 133 128  31  97 195 153 207 115 254
254 187 182  67  95  69 132  74  71  64  98 191   4 153 116 254
254 215 190  53 221 128 187 108 103 178 176 167 191 194 121 254
254 114 197  74 128  72 128 118 130  66 114 106 129 173 165 254
254 110 111 175 174 114 177 131 180 175 147 165 173 229 116 254
254 174 151  88  44  87 162 188 149  74 112 182 115 140 111 254
254 204 185 152 153 107 112 175  90  35  94 211 116  50 171 254
254 170 206 123  86  78  68 163 179  81 119 114 133 138 196 254
254 219 131 174 127 140 127  90 144 130 114 176  98  97 158 254
254 121 194 191 167 176  78  97 185 167 111 167 191 194 121 254
254 116 154   4 191 115  88 169 120 132 174 191   4 153 116 254
254 115 207 153 194 195 197  92  66  48 131 195 153 207 115 254
254 163 115 116 121 165 199 212 238 160 219 121 116 115 163 254
255 254 254 254 254 254 254 254 255 254 254 254 254 254 254 255
255 254 254 254 255 255 254 254 254 254 254 254 254 254 254 255
254 169 117 219 239 239 140 216 220 188 158 121 116 115 163 254
254 187 106  60  91  86 161 133 128  31  97 195 153 207 115 254
254 187 182  67  95  69 132  74  71  64  98 191   4 153 116 254
254 215 190  53 221 128 187 108 103 178 176 167 191 194 121 254
254 114 197  74 128  72 128 118 130  66 114 106 129 173 165 254
254 110 111 175 174 114 177 131 180 175 147 165 173 229 116 254
254 174 151  88  44  87 162 188 149  74 112 182 115 140 111 254
254 204 185 152 153 107 112 175  90  35  94 211 116  50 171 254
254 170 206 123  86  78  68 163 179  81 119 114 133 138 196 254
254 219 131 174 127 140 127  90 144 130 114 176  98  97 158 254
254 121 194 191 167 176  78  97 185 167 111 167 191 194 121 254
254 116 154   4 191 115  88 169 120 132 174 191   4 153 116 254
254 115 207 153 194 195 197  92  66  48 131 195 153 207 115 254
254 163 115 116 121 165 199 212 238 160 219 121 116 115 163 254
255 254 254 254 254 254 254 254 255 254 254 254 254 254 254 255
255 254 254 254 255 255 254 254 254 254 254 254 254 254 254 255
254 169 117 219 239 239 140 216 220 188 158 121 116 115 163 254
254 187 106  60  91  86 161 133 128  31  97 195 153 207 115 254
254 187 182  67  95  69 132  74  71  64  98 191   4 153 116 254
254 215 190  53 221 128 187 108 103 178 176 167 191 194 121 254
254 114 197  74 128  72 128 118 130  66 114 106 129 173 165 254
254 110 111 175 174 114 177 131 180 175 147 165 173 229 116 254
254 174 151  88  44  87 162 188 149  74 112 182 115 140 111 254
254 204 185 152 153 107 112 175  90  35  94 211 116  50 171 254
254 170 206 123  86  78  68 163 179  81 119 114 133 138 196 254
254 219 131 174 127 140 127  90 144 130 114 176  98  97 158 254
254 121 194 191 167 176  78  97 185 167 111 167 191 194 121 254
254 116 154   4 191 115  88 169 120 132 174 191   4 153 116 254
254 115 207 153 194 195 197  92  66  48 131 195 153 207 115 254
254 163 115 116 121 165 199 212 238 160 219 121 116 115 163 254
255 254 254 254 254 254 254 254 255 254 254 254 254 254 254 255

255 255 254 254 254 255 254 254 255 255 255 254 254 254 255 255
255 164 116 116 122 165 116 112 171 197 159 122 116 116 164 255
254 116 208 153 195 173 229 140  50 139  97 195 153 208 116 254
254 116 153   5 191 129 173 116 116 133  98 191   5 153 116 254
254 122 195 192 168 107 165 183 211 114 176 168 192 195 122 254
255 159  97  98 176 115 147 113  95 120 115 111 174 131 219 255
255 188  31  65 178  66 175  74  36  82 131 168 133  49 161 255
255 220 128  72 104 131 181 149  90 179 144 185 120  67 238 255
255 217 133  74 108 118 132 188 175 164  91  98 169  92 213 255
254 140 162 132 187 129 177 162 113  68 127  78  88 197 199 255
255 239  87  69 128  73 115  88 108  78 141 176 116 195 165 255
255 239  92  96 222 128 174  44 154  86 127 168 191 195 122 254
255 220  60  68  54  75 176  88 152 124 174 191   5 153 116 254
254 118 106 183 190 198 111 151 186 206 131 195 154 208 116 254
255 170 188 188 215 115 110 175 205 171 219 122 116 116 164 255
255 255 255 255 255 254 254 255 255 255 255 254 254 254 255 255
255 255 254 254 254 255 254 254 255 255 255 254 254 254 255 255
255 164 116 116 122 165 116 112 171 197 159 122 116 116 164 255
254 116 208 153 195 173 229 140  50 139  97 195 153 208 116 254
254 116 153   5 191 129 173 116 116 133  98 191   5 153 116 254
254 122 195 192 168 107 165 183 211 114 176 168 192 195 122 254
255 159  97  98 176 115 147 113  95 120 115 111 174 131 219 255
255 188  31  65 178  66 175  74  36  82 131 168 133  49 161 255
255 220 128  72 104 131 181 149  90 179 144 185 120  67 238 255
255 217 133  74 108 118 132 188 175 164  91  98 169  92 213 255
254 140 162 132 187 129 177 162 113  68 127  78  88 197 199 255
255 239  87  69 128  73 115  88 108  78 141 176 116 195 165 255
255 239  92  96 222 128 174  44 154  86 127 168 191 195 122 254
255 220  60  68  54  75 176  88 152 124 174 191   5 153 116 254
254 118 106 183 190 198 111 151 186 206 131 195 154 208 116 254
255 170 188 188 215 115 110 175 205 171 219 122 116 116 164 255
255 255 255 255 255 254 254 255 255 255 255 254 254 254 255 255
255 255 254 254 254 255 254 254 255 255 255 254 254 254 255 255
255 164 116 116 122 165 116 112 171 197 159 122 116 116 164 255
254 116 208 153 195 173 229 140  50 139  97 195 153 208 116 254
254 116 153   5 191 129 173 116 116 133  98 191   5 153 116 254
254 122 195 192 168 107 165 183 211 114 176 168 192 195 122 254
255 159  97  98 176 115 147 113  95 120 115 111 174 131 219 255
255 188  31  65 178  66 175  74  36  82 131 168 133  49 161 255
255 220 128  72 104 131 181 149  90 179 144 185 120  67 238 255
255 217 133  74 108 118 132 188 175 164  91  98 169  92 213 255
254 140 162 132 187 129 177 162 113  68 127  78  88 197 199 255
255 239  87  69 128  73 115  88 108  78 141 176 116 195 165 255
255 239  92  96 222 128 174  44 154  86 127 168 191 195 122 254
255 220  60  68  54  75 176  88 152 124 174 191   5 153 116 254
254 118 106 183 190 198 111 151 186 206 131 195 154 208 116 254
255 170 188 188 215 115 110 175 205 171 219 122 116 116 164 255
255 255 255 255 255 254 254 255 255 255 255 254 254 254 255 255
